* Эксперимент_1   4,97 0 1,86 0,02 -0,66 1,6 -0,22 3,97 -0,66 0,52 1,28 3,05 -1,76 0,72 0,45 0,29 -3,06 4,15 2,72 3,81 4,22 -3,03 -1,34 3,45 2,62 1,55 -1,39 -0,9 1,07 4,97 0,46 -3,2 0
* Эксперимент_2   5 -12,68 2,9 -2,49 -2,7 -3,26 -4,23 5 2,44 -3,96 -0,94 -1,94 0,3 -3,36 -1,05 4,06 -4,93 2,1 2,36 1,25 -3,95 -1,68 -4,02 0,51 3,88 -2,78 3,26 3,53 0,21 -4,51 1,51 2,37 0
* Эксперимент_3   -4,96 -1,6 3,87 -0,97 -0,63 2,13 3,73 -1,86 -2,05 4,59 -4,08 0,71 2,72 2,34 0,23 1,47 4,57 0,92 2,69 -3,55 3,13 1,12 -4,96 3,71 -0,46 1,34 0,85 4,78 -0,93 1,01 -4,61 1,81 0
* Эксперимент_4   4,96 0 0,27 1,74 -1,22 1,44 0,31 4,32 -3,48 4,92 2,42 -1,04 -3,12 -0,41 -4,5 2,62 -2,55 4,13 0,75 -3,14 2,92 -3,54 -0,97 2,57 4,96 -1,64 -0,77 -4,91 3,15 -1,35 0,64 0,06 0
* Эксперимент_5   4,78 0 -0,01 1,31 1,63 -0,84 -2,41 0,79 3,38 2,56 0,84 3,48 4,03 4,63 -4,29 -2,9 0,72 3,02 3,54 -0,42 -4,68 -1,02 -4,02 4,78 -4,61 -2 2,32 -1,11 4,11 -1,89 2,9 -4,19 0
* Эксперимент_6   -4,95 -11,61 2,17 -3,24 -3,92 -4,45 0,61 0,76 3,53 4,4 0,59 -1,86 -2,59 -3,88 3,24 -2,35 -1,25 4,07 -3,83 -0,43 2,93 -4,95 3,15 -3,97 -1,02 -1,98 -2,28 -2,26 -0,21 3,37 4,74 1,98 0
* Эксперимент_7   -4,97 -6,07 -1,5 0,4 -2,82 -3,25 4,47 0,05 -2,03 -4,77 -0,93 -2,6 -1,23 -4,97 -1,8 -4,8 -0,53 4,29 -2,73 -1,23 1,64 -3,45 -3,75 -4,21 -1,02 4,97 -2,34 1,53 -1,19 -2,64 3,56 -4,33 0
* Эксперимент_8   -4,7 -2,68 -2,8 2,87 -2,68 3,57 -4,7 2,92 -2,85 -2,3 4,17 -3,11 3,6 -3,29 -3,51 1,65 2,66 -2,43 -0,48 -2,82 4,49 -2,48 1,81 4,09 2,95 -1,07 -2,82 4,11 -0,62 -2,84 0,95 -2,88 0
* Эксперимент_9   4,86 0 -3,47 -1,6 4,24 0,97 0,98 -2,86 -0,13 1,5 -0,42 4,86 -3,48 -0,49 0,89 -2,91 -2,86 0,07 2,91 -4,62 -4,39 -1,6 0,8 4,09 3,96 -4,56 -0,52 1,83 -2,8 -4,38 -3,74 -2,64 0
* Эксперимент_10  -4,81 -0,57 0,8 -0,16 -0,41 1,41 4,74 2,79 0,63 -4,67 -3,39 -4,81 0,75 1,61 -0,94 -1,12 2,99 -3,16 2,13 1,02 -2,54 -3,11 -1,69 4,36 0,94 -4,59 0,76 -0,21 4,77 1,61 -2,67 3,87 0
* Эксперимент_11  4,91 0 -1,73 1,1 4,51 1,33 -4,38 0,39 -3,71 -3,34 1,45 -0,7 -2 3,03 -2,4 3,73 3,12 -0,58 0,62 0,48 3,81 0,09 2,45 -3,32 2,01 1,98 2,79 4,91 4,55 -0,56 -0,16 -4,24 0
